				OptLL				MSE					IVRMSE				PARAMETERS
2010				
h0P				-109.742270367538	12.9676911221273	0.178724481116952	2.05628751185569e-06	8.01767332084933e-07	0.532359428972139	749.106215823289
h0 realVola		-110.838949901560	13.0614221877515	0.185665250196889	2.44113262968351e-06	9.75805747332892e-07	0.534203341552102	675.049673888691
h0Qunc			-109.820957738741	12.9483079327911	0.179207419458426	2.08616755255101e-06	8.22409275087377e-07	0.536481220418805	735.992400778132
h0 estimated	-109.499049415835	13.5268279453621	0.174775495810787	1.74070039834835e-06	8.92983463701424e-07	0.628669250359482	630.269666812476	6.73890621424525e-05

2011			
h0P				-148.301162826026	57.6817719978478	0.292028038668735	3.49158080652082e-11	2.28448525858000e-06	0.809159294040286	274.630219539505
h0 realVola		-148.435248548341	58.0782605208762	0.293997955131548	9.42736126211510e-10	2.29259920668098e-06	0.808381036160696	274.690296950687
h0Qunc			-148.412807268656	57.9849257129756	0.293070087226539	4.25184148819574e-11	2.29076902140627e-06	0.808564318813610	274.675580674805
h0 estimated	-141.271795604533	26.9337962377125	0.238751479679785	8.24193224362173e-11	8.84192706521484e-07	0.752458262716931	523.483307439758	8.33497814390928e-05

2012			
h0P				-134.103089507541	13.7499493991255	0.162345400904271	5.71138897682198e-07	2.27741465573455e-06	0.827064482038853	254.562065648185
h0 realVola		-138.662743073769	19.9723373885673	0.175383507794028	8.74714137311234e-10	1.12372479351017e-05	0.664402350745527	140.460058736097
h0Qunc			-134.626959091739	14.4346296700960	0.164484178098828	7.53051683960968e-07	2.13663192229475e-06	0.817468831072140	270.691204118806
h0 estimated	-133.881514070904	13.4393305251609	0.161691441374297	6.06429409987820e-07	2.41131166261326e-06	0.821601193509883	250.482405692951	0.000145579707557449

2013			
h0P				-167.948961992392	6.45864849097600	0.147132170930702	1.40151419455465e-06	1.58025390322227e-06	0.732029237289441	374.966500371468
h0 realVola		-180.168319682478	11.6842208738727	0.143641078288538	2.14299680952062e-06	8.28898469990892e-06	0.593291753408988	164.269719880387
h0Qunc			-168.060473173302	6.48012420635184	0.147189376927315	1.41187965276548e-06	1.59390700830959e-06	0.731442543599959	373.496858849121
h0 estimated	-162.387720434610	5.95988877065820	0.148305997725822	1.04619607474650e-06	7.44390234319817e-07	0.739507746391328	561.792994423832	4.50360678532081e-05

2014			
h0P				-200.213571006729	13.2917152696576	0.171075583916628	2.92595441472565e-07	5.10208899150169e-07	0.671389939255725	789.481272503114
h0 realVola		-198.000875771214	10.5474663892042	0.155753245167621	5.30779367244429e-11	7.92678469938536e-07	0.791262796897409	501.511434526335
h0Qunc			-199.642098937899	12.3589698198355	0.160534014979530	1.07180198959490e-07	6.86921385233110e-07	0.759851034141689	578.396451230692
h0 estimated	-199.023240511705	12.6262345795582	0.163132617401795	2.37806637845889e-12	7.40499269612969e-07	0.785750221712438	527.072806054879	6.17882040876927e-09

2015			
h0P				-262.916201543546	23.1960229680518	0.187537505752609	7.41119443641008e-10	1.09451832873416e-05	0.339680416524961	213.987198050659
h0 realVola		-263.874755864740	23.6807780963619	0.189547865652907	4.86990472558821e-09	1.09278311631920e-05	0.339003265872359	214.229727723003
h0Qunc			-255.711641493448	15.5700984229082	0.167056446337930	4.57902625020923e-07	2.51015579475725e-06	0.679860164901948	332.287742042786
H0 ESTIMATED	-261.502515458424	23.3183632452041	0.187311603969936	5.52325306303118e-12	1.33286613895498e-05	0.219364540060045	209.957496775060	2.42539254050828e-06

2016			
h0P				-349.139870815786	50.8796143591138	0.224669771931566	1.28369281760982e-06	1.30212926725464e-05	0.290894147936907	184.940766711680
h0 realVola		-348.792408929876	50.5710339653173	0.223682287966454	1.26840775017073e-06	1.29912114049597e-05	0.292212490135117	185.110050522258
h0Qunc			-349.035868878519	48.8602946425713	0.227735619594768	5.25137640138027e-06	1.26902172913427e-05	6.51833433434603e-07	229.943577573450
h0 estimated	-347.854860643870	48.3143011169551	0.218005883558316	1.28063501680190e-06	1.29899735681250e-05	0.290311130966239	185.463663034313	1.16174486950344e-06

2017			
h0P				-374.582364320255	27.1638398058617	0.173423854725424	5.98849748682310e-07	2.85273639400035e-06	0.552931991626896	345.210757884665
h0 realVola		-375.675940015151	28.1492379436906	0.177633454193019	1.12534769359111e-06	2.88036477957352e-06	0.445797874043739	385.398713017530
h0Qunc			-375.492113940532	26.5287914080155	0.174661806728599	2.93495552860029e-12	2.88170984083834e-06	0.660273552649217	296.398244158032
h0 estimated	-375.572485412463	31.9878444460301	0.174895689063486	2.02098318188239e-06	4.37106376934255e-06	0.219397138867274	358.991516134405	6.34370804631213e-05

2018			
h0P				-475.239707026502	41.8922558372532	0.168302336472772	7.38463646105067e-12	2.33978414216757e-06	0.745974158007905	298.388113868432
h0 realVola		-470.560290793141	41.4678769957963	0.166682366028934	3.46525497815172e-10	2.27052613556690e-06	0.750154304055712	300.616457610940
h0Qunc			-582.774984327998	213.855935905945	0.321547840165523	2.41362120161887e-06	2.50068096551186e-05	0.0113062177529783	77.4836753887864
h0 estimated	-470.186300676703	41.4029041209197	0.166927341095782	3.96308397869910e-09	2.27084015171755e-06	0.748988206522691	301.409018764224	3.67378182553324e-06