		OptLL				MSE					IVRMSE

2010
hP		-160.150246531049	29.8493300572050	0.391054909842081
hRV		-127.570369015981	18.0344075186495	0.253642184395880
hQ		-132.705061328596	19.1781825406228	0.278523129992847
hest	-132.442689939184	20.0271691131296	0.267045338766541

2011
hP		-198.998484924528	258.180167314889	0.730935956486317
hRV		-194.405559312729	228.875677034445	0.623526526202567
hQ		-199.067537391239	258.733971456681	0.732659230824639
hest	-195.741687138757	235.446206379021	0.649413253261786

2012
hP		-143.668013166290	9.95971299728912	0.175415672194782
hRV		-141.487286523284	9.47364241280623	0.171573847222116
hQ		-145.258444130851	10.0917197061319	0.178361370930992
hest	-141.312883033039	9.48699224330290	0.169909594236600

2013
hP		-158.558938480530	6.14989014111747	0.141680170610236
hRV		-198.629278325709	15.1453850755294	0.176107976789029
hQ		-158.623195218381	6.20083053343519	0.141730713488109
hest	-224.045711098674	14.9542741212669	0.205812137647290

2014
hP		-286.857342141015	38.4274719229529	0.278657257956763
hRV		-258.832366396968	22.0517931442148	0.199966469171168
hQ		-251.524774564805	23.9381501102542	0.186566847769119
hest	-273.287387267852	30.2276507547471	0.229277749865801

2015
hP		-343.613113918449	55.5917552822184	0.287025506244586
hRV		-363.546157544324	34.8429532340539	0.263087275467851
hQ		-342.153116233895	53.2095163161512	0.282235272950277
hest	-318.821746369511	38.0055556237736	0.241946884649264

2016
hP		-439.733490828762	100.147609642207	0.369425954763056
hRV		-453.405671606225	98.2063076342001	0.393146890170931
hQ		-512.518159173619	194.287657458259	0.544273528919648
hest	-341.251937995276	14.3887943608364	0.174582246052719

2017
hP		-466.973196364390	26.2173112567533	0.190425229673813
hRV		-495.729141516292	35.5548286512070	0.217255547646399
hQ		-492.333524568693	34.6936501327360	0.214064937367668
hest	-495.015201600094	35.4859207736046	0.216806095669844

2018
hP		-700.342222336828	262.446832627866	0.453808694890247
hRV		-662.844634665283	481.337604981461	0.511411238259644
hQ		-653.464517590359	448.169366423647	0.492706867240312
hest	-664.779488778331	492.129015269855	0.516571422143246