				OptLL				MSE					IVRMSE				PARAMETERS
2010				
h0P				-111.792049565413	10.4961179768022	0.175844687210446	1.31071657229617e-10	1.84772238892409e-06	0.896408318537465	224.068824671454
h0 realVola		-111.367201720978	15.9692441362723	0.195824099694525	1.60445610604787e-06	1.52792949647684e-06	0.746739405688680	389.683136884171
h0Qunc			-108.224998630072	14.6212013733102	0.182499683788207	1.48455237988092e-06	1.30362840379249e-06	0.735611327221873	434.177137271768
h0 estimated	-103.697259585545	15.5319047161245	0.167918560219193	1.01835918205070e-06	1.49954931455173e-06	0.810506629119299	338.380006460045	8.51937170202089e-05

2011			
h0P				-110.847198374233	8.68574385174185	0.171030306652790	4.33964390061298e-06	3.24892532924020e-06	0.440189495821522	387.025968828711
h0 realVola		-115.821643619645	10.7324072406583	0.152472093145908	1.11392033996912e-06	4.05450045102283e-06	0.788496068698626	198.450558070797
h0Qunc			-110.988052691458	8.72390293992267	0.171806402311830	4.39047030671229e-06	3.24344405656160e-06	0.433765510116612	389.721216621361
h0 estimated	-110.497870520831	9.15114853034234	0.147298279433918	2.00628929848715e-06	3.39511874578542e-06	0.709161211385789	264.530138166973	7.20647228634184e-05

2012				
h0P				-133.957470071418	14.6406469116633	0.168335510913497	1.60349240246508e-06	3.28815296239985e-06	0.752071123043971	250.696106971650
h0 realVola		-139.383638375588	19.3444595738423	0.193381181092900	1.73934088435167e-06	6.19454111598987e-06	0.692890575619349	196.221698547333
h0Qunc			-134.638591149161	15.2334486407697	0.171256441287691	2.08006801647080e-06	2.79807053127680e-06	0.725776888528044	288.358222371414
h0 estimated	-132.561775074601	13.5010694418512	0.165239132575880	2.48196737015062e-12	5.28715526412454e-06	0.785451409539390	179.732356930831	0.000178579917338134

2013			
h0P				-180.461715534052	9.55689521471513	0.170110486211924	1.74466563149911e-06	1.88709808813872e-06	0.670324480124449	378.915539672241
h0 realVola		-190.653102447698	11.5182147094298	0.156274513087914	8.71616443088751e-07	1.76057365377424e-05	0.0855804253541233	184.374498460571
h0Qunc			-180.587934172721	9.60376774764999	0.170088728492563	1.78478969858534e-06	1.91339598406252e-06	0.666920201372984	377.821128093452
h0 estimated	-170.054282429449	6.21687759300479	0.143155069594380	1.27337816237091e-07	6.99089020790332e-07	0.895628921854789	370.497862032143	4.25447710599169e-05

2014				
h0P				-170.840758012322	5.46365962804038	0.148518062550605	6.45401863279076e-07	3.26854407373614e-07	0.463100021473462	1263.97896635351
h0 realVola		-165.104901811284	4.76348145389792	0.125224135500447	1.85585770737285e-08	1.18405593957097e-06	0.833186065873785	355.067471142713
h0Qunc			-170.242560233332	6.38072774497126	0.121129759710385	5.39610456480559e-07	2.17053910809601e-06	0.812109084153671	254.219786565275
h0 estimated	-167.330515626306	6.46779739771241	0.133558833549694	1.83158639819112e-07	1.25594320977462e-06	0.825140998760417	348.950346815822	3.63160060577024e-09

2015			
h0P				-207.044236049390	21.4523520082439	0.166427933378697	2.94011217724378e-09	1.33990618458384e-05	0.133861433760308	220.327193790691
h0 realVola		-211.178858339377	14.0161098702068	0.160613930890996	5.84649282738413e-10	1.69506734674014e-06	0.734227862162444	378.013494213119
h0Qunc			-207.278219821273	21.6669200084542	0.166948151158899	5.65571093237882e-10	1.34590390802434e-05	0.135727193585844	219.340743964190
h0 estimated	-202.603220055677	18.3288251982855	0.163543252334685	2.79151396630567e-12	1.05663613611195e-05	0.268850776003401	231.669522948251	2.28877808377270e-06

2016				
h0P				-333.666435870295	21.4299401888708	0.178825758307304	1.55494023084272e-11	3.05410037510145e-06	0.725140478748803	279.176147279195
h0 realVola		-334.370446556199	20.4653757324009	0.188866829327701	1.31209841528201e-06	1.44130017873183e-06	0.606856523470534	497.064092733944
h0Qunc			-318.753381228672	14.9510691386252	0.195249140410861	1.90244225946323e-06	5.68804122751530e-07	0.00752164860672984	1299.98567473113
H0 ESTIMATEd	-307.918709730274	12.2100871106599	0.190618369978918	1.60418608846918e-06	5.57187717665747e-07	0.0332990999592119	1299.85832094591	0.000115830208246538

2017			
h0P				-349.346455358695	23.7497685512149	0.159441954350288	2.89188095623329e-06	7.50557967599298e-06	0.284601298192940	238.658016959646
h0 realVola		-349.568255650360	23.1876661939426	0.157677047115983	2.45481968675348e-07	1.06168973597472e-05	0.321997095124303	190.498686583699
h0Qunc			-349.323546484529	23.5425987169085	0.157065525489868	2.76856891479358e-07	1.05921058015085e-05	0.314176098701599	191.859140759576
h0 estimated	-349.102174931941	23.2441159922884	0.158496751897961	2.12322215303607e-07	1.05412976299079e-05	0.325182278672313	190.913508347844	3.41113985246854e-05

2018				
H0P				-592.219406604366	124.797651559539	0.270488509553338	2.79736230161255e-12	5.23942134682874e-08	0.999770611199245	-65.9902810300399
h0 realVola		-473.097702385449	43.3007364909316	0.146015971676181	1.25011581898997e-09	2.46923666109832e-06	0.795936599949364	247.923919136194
h0Qunc			-482.991221305007	43.9382604282159	0.148765717856471	3.58946804107349e-09	2.62183663630326e-06	0.793320994534895	240.752979153779
h0 estimated	-472.528072769805	43.1992703058622	0.145003454251018	1.04432905469354e-09	2.45023341612178e-06	0.793665084889861	251.060691291682	4.01720201181161e-06
	
