				OptLL		MSE			IVRMSE		PARAMETERS
2010			
h0P				-100.3424	12.3523		0.1617	1.55016802931890e-06	1.44347060781902e-06	0.737216263801658	410.451155578956
h0 realVola		-103.1251	13.0668		0.1753	1.81930921635392e-06	1.49421319409971e-06	0.701307550488461	430.655804299488
h0Qunc			-100.5720	12.3720		0.1627	1.58469952419367e-06	1.44019833847078e-06	0.731919658660755	415.215754212112
h0 estimated	-99.7877 	9.4101		0.1480	5.48955335785903e-12	1.91704393459632e-06	0.887912187436164	228.478733755377	6.35619163230714e-09

2011			
H0P				-104.7358	8.8607		0.1546	3.39539823555272e-06	3.07061337513040e-06	0.528001677812332	364.390444543421
h0 realVola		-104.8307	8.8971		0.1551	3.41306219464127e-06	3.06963235178734e-06	0.525540707824683	365.470158603105
H0QUNC			-104.9435	8.9469		0.1556	3.41729447580120e-06	3.07631089942166e-06	0.524859410966803	365.322183779171
H0 ESTIMATED	-102.4382 	8.1174		0.1408	2.44153377826498e-06	2.98410180385996e-06	0.615146020013603	333.203974818951	7.99247606920399e-05

2012			
h0P				-136.6396	13.4599		0.1719	7.05329656173030e-07	1.27774751525746e-06	0.765160164490164	415.511821334865
h0 realVola		-135.8489	16.4067		0.1786	3.45538728793549e-10	7.19622180320077e-06	0.726715683469714	172.751826448485
h0Qunc			-139.3982	13.8382		0.1781	4.01961397621783e-07	9.21708298318723e-07	0.767331928317273	493.876887515863
h0 estimated	-127.5067 	10.6250		0.1508	1.61306339485333e-09	4.77457791290133e-06	0.777674840096243	196.464799123734	0.000199807147087732

2013		
h0P				-158.8324	5.9030		0.1739	1.59476035062227e-06	9.18223609871326e-07	0.544151670943792	675.680828725781
h0 realVola		-185.3374	13.9571		0.1679	6.76325391283205e-06	4.64789772136143e-06	0.208384669340516	353.934641004419
h0Qunc			-155.5341	5.0677		0.1658	1.12956522446490e-06	7.31118456439130e-07	0.622854139512785	694.037090885805
h0 estimated	-151.2485 	4.5753		0.1462	6.76572861492082e-07	6.12014530424525e-07	0.752645876786488	615.691042086706	5.21959449143172e-05

2014
h0P				-151.3001	4.7004		0.1205	7.92905015119190e-07	5.50888485200954e-07	0.614146565147326	812.504972699407
h0 realVola		-148.6878	3.8564		0.1110	4.68413469293902e-07	1.00868732052656e-06	0.780380886982913	441.092118865683
h0Qunc			-151.2048	4.6567		0.1235	8.16427116764807e-07	4.92414789391887e-07	0.575359029467367	904.869788568014
h0 estimated	-148.2344 	3.6639		0.1143	5.07961633531993e-07	7.55593497681499e-07	0.734332478978045	570.848440843181	3.09563932516608e-05

2015			
h0P				-177.1694	10.6573		0.1453	2.30753998565616e-07	2.36857862745019e-06	0.607930927411897	386.588306780911
h0 realVola		-187.1957	16.6111		0.1594	4.04656009470045e-08	3.59490996477573e-06	0.601715602353787	309.207419877140
h0Qunc			-179.4125	10.5722		0.1451	1.51932059041843e-09	2.06124137364215e-06	0.652242327721682	393.053519543979
h0 estimated	-176.5823 	11.1825		0.1398	4.59137920913037e-07	2.74934660485211e-06	0.567746408607248	373.783871775265	0.000176120334954539

2016			
h0P				-302.5764	14.3732		0.1847	1.76980802322142e-06	4.32848990315800e-07	0.000472102943278744	1497.54057222592
h0 realVola		-310.8250	16.4628		0.1913	1.87991208766567e-06	5.55004174505543e-07	0.145456709183898	1217.11773132336
h0Qunc			-306.1659	15.7521		0.1880	1.78575972578557e-06	4.27529408153654e-07	0.000415655140139260	1506.16933902688
h0 estimated	-276.5265 	7.4392		0.1565	1.03383153991665e-06	7.05077407849964e-07	0.389761613511627	916.140365265913	8.61718983322939e-05

2017
h0P				-347.4633	22.1138		0.1938	3.29114110890028e-06	1.47682210130656e-06	0.168801416036996	689.430727529469
h0 realVola		-349.2217	21.1592		0.1874	3.25092284507773e-06	1.85854410142748e-06	0.319948714931134	541.187079467648
h0Qunc			-339.2131	15.5812		0.1999	1.19985213123942e-10	7.29808409539182e-07	0.722442007295550	603.907211021115
h0 estimated	-337.0667	14.0622		0.1970	3.62429104078001e-12	5.53707114709342e-07	0.752003668301745	660.577043217319	3.46747916450901e-05

2018			
h0P				-455.3701	34.8470		0.1399	2.13338137259212e-07	2.54827158927552e-06	0.733966336503576	288.783853445903	
h0 realVola		-456.0469	34.0928		0.1440	5.21732532264982e-07	2.14487216545910e-06	0.700672087618125	340.036562632351
h0Qunc			-455.3771	34.8993		0.1402	2.34331215947204e-07	2.50201372142454e-06	0.733010422510874	292.383060463976	
h0 estimated	-454.9933	34.7652		0.1413	3.37473964230935e-07	2.32478243264728e-06	0.724135034786882	310.497623661068	9.88688809227899e-06	

