				OptLL		MSE			IVRMSE		PARAMETERS
2010			
h0P				-108.8830	10.0813		0.1661	3.58946333272364e-12	2.38045431869113e-06	0.900882932261958	188.619797716146
h0 realVola		-103.8223	10.8162		0.1693	2.67564401405254e-06	9.20185166471031e-07	0.449542766933030	758.184702017012
h0Qunc			-103.4325	10.8748		0.1631	2.33379924809616e-06	8.86757589875219e-07	0.505938727718681	731.589683724179
h0 estimated	-103.4329 	10.8848		0.1630	2.31693071615063e-06	8.90288517765554e-07	0.510877091527144	726.384099259813	4.91627040853749e-05

2011			
H0P				-139.0575	36.0301		0.2452	4.03648712661724e-11	1.98662246434405e-06	0.751994353346050	343.071504899580
h0 realVola		-139.1129	36.0799		0.2454	1.96305806784392e-10	1.98581007098069e-06	0.751376640439267	343.604700082188
H0QUNC			-139.1727	36.0556		0.2460	3.75295703790687e-11	1.98139531805575e-06	0.750472112730907	344.689677401719
H0 ESTIMATED	-132.5779 	21.0951		0.2087	2.37919242271389e-10	1.46763139355416e-06	0.717584421509939	431.533116934638	8.77786085301089e-05

2012			
h0P				-128.8225	12.1889		0.1503	3.88593525768091e-07	1.44429084504062e-06	0.825175003217851	332.129237829397
h0 realVola		-133.4107	17.9089		0.1647	7.35104057232157e-10	1.15418724548708e-05	0.646282559998681	143.996585033777
h0Qunc			-129.6777	13.2653		0.1528	4.19404333339362e-07	1.39432422397855e-06	0.826535349033963	336.611076272938
h0 estimated	-128.3213 	11.2214		0.1490	4.19969218221827e-07	1.56519614502578e-06	0.819120811553615	323.612187621724	0.000151704103317740

2013		
h0P				-158.8512	4.5522		0.1420	1.16557345709831e-06	1.18287001849179e-06	0.702776573767721	472.001081494329
h0 realVola		-208.6001	26.4331		0.1735	4.48292312547959e-05	2.20063175173975e-13	7.82090171475326e-07	-236.253267779939
h0Qunc			-157.7814	4.0369		0.1277	9.65635302047034e-11	1.72096565797329e-06	0.843668685667565	278.741634483671
h0 estimated	-151.9338 	4.0514		0.1386	9.27437321321642e-07	7.23838224198061e-07	0.725643164676377	590.312766761649	8.93447302934224e-06

2014			
h0P				-186.5212	9.0746		0.1351	8.68862139976524e-12	8.42320764094887e-07	0.814289262765279	455.134048452158
h0 realVola		
h0Qunc			-186.4513	9.0642		0.1352	2.39275629474717e-09	8.36036242203062e-07	0.813392728120802	458.121110955940
h0 estimated	-183.1275 	7.9860		0.1361	9.66050820231462e-10	7.23883761898290e-07	0.803732107963209	509.450740441942	3.04211548946263e-05

2015			
h0P				-231.5429	11.9192		0.1557	7.55457614981287e-09	2.67068405119607e-06	0.622666846973876	357.067141741589
h0 realVola		-236.6769	14.1749		0.1643	1.20261350361728e-09	2.94437091766632e-06	0.622949668863158	338.074889801816
h0Qunc			-232.6994	12.2533		0.1560	1.44168715911747e-09	2.45422280519282e-06	0.642947876583378	362.882904207694
h0 estimated	-231.4972 	12.0567		0.1566	7.52796340046502e-09	2.81020052023235e-06	0.615028559600907	350.985209684219	0.000153915781663641

2016			
h0P				-335.5131	43.9386		0.2106	1.20088852131263e-07	1.14148888848808e-05	0.353929586729853	197.168401549088
h0 realVola		-335.1234	43.6603		0.2098	1.25080841376222e-07	1.13779545840984e-05	0.353899034785452	197.671577587424
h0Qunc			-335.3499	43.7790		0.2103	1.47662460174233e-07	1.13634427567506e-05	0.353070404928410	197.943496284732
h0 estimated	-334.1246 	43.4401		0.2080	1.16428205550298e-07	1.14483098119742e-05	0.353687014420870	196.776777066845	0.000313994089675872

2017			
h0P				-357.7616	21.8513		0.2174	1.33394533068231e-06	6.79067240117707e-07	0.000564045548852584	1178.78277355471
h0 realVola		-362.8001	22.0521		0.2090	9.37300676264848e-07	8.43877009274165e-07	0.372104148659936	829.314920798479
h0Qunc			
h0 estimated	-357.4771	18.1170		0.1941	6.21270565424838e-07	9.17416714784496e-07	0.507376191867159	703.724978515655	4.39758011348336e-05

2018			
h0P				-443.5187	35.5188		0.1525	4.42096425096201e-10	2.16637781198795e-06	0.727401933351070	326.895327771652
h0 realVola		-441.5712	34.6953		0.1558	2.46473604726101e-07	1.81869497133888e-06	0.692224492463589	384.409638473865	
h0Qunc			-442.7830	35.3190		0.1530	4.09380916956330e-08	2.11441444620563e-06	0.722148720947102	334.795466146726
h0 estimated	-441.0021 	35.5134		0.1532	1.26845734176813e-07	1.99022235011142e-06	0.710231898720344	354.057278164265	9.25451767143820e-06

