		OptLL				MSE					IVRMSE

2011
hP		-193.224031563846	87.1314544511886	0.453309193332074
hRV		-189.636594826691	82.5062351116499	0.435442069897115
hQ		-192.735061574436	86.3334346218230	0.450619813293971
hest	-191.740233403303	82.5443039828902	0.441383815939699

the same template below

2012
-139.133463633774	10.7700963613513	0.176972001704200
-139.169342390959	10.8147663771273	0.177146953975419
-139.170119290204	10.8059401540089	0.177130866089303
-226.014945868228	101.442078378266	0.497277026475143

2013
-235.245686355467	35.6750232938403	0.229210675417084
-252.961134169100	41.9799099130354	0.251965945097773
-236.432712529116	35.7760137418580	0.231750663857301
-234.985628971382	35.4238596531942	0.227953423716711

2014
-224.428581504433	15.1574784244824	0.175109131658003
-229.028663955167	19.5630207269487	0.170133105299134
-224.338436535396	15.1722570112669	0.175056953076038
-241.100369726128	16.6495548346578	0.189140802090884

2015
-325.941109215541	19.0271108774936	0.230053437049371
-343.281986415274	22.0983769106624	0.252890916272692
-325.004928991942	17.6389810414272	0.225450557163903
-360.258998738774	30.3563642998175	0.286402747056029

2016
-372.487119093284	37.7947563173288	0.240932785903924
-372.044563069739	37.8182103288916	0.240685484966508
-358.088832304193	25.6587599406301	0.217619316585935
-358.268499128619	25.9709941343188	0.219394609850644

2017
-505.013642407675	59.2799749804747	0.269848391785649
-505.103963691588	59.3841808174922	0.269997130923526
-508.750462843397	62.4964235368279	0.276438569161425
-504.980156778458	59.3149902413187	0.269859712722141

2018
-581.738517384878	179.717943216978	0.335288263002781
-585.085846767522	189.734136183006	0.354067677295164
-573.941923467687	165.667916355718	0.308947112193838
-599.378073609767	232.239930677406	0.394604194393812